Tl4 Mo4 P4 O24
1.0
   0.0000000000000000    6.4128230000000004    7.9985600000000003
   5.5441039999999999    0.0000000000000000    7.9985600000000003
   5.5441039999999999    6.4128230000000004    0.0000000000000000
Tl Mo P O
4 4 4 24
direct
   0.6670460000000000    0.0829540000000000    0.0829540000000000 Tl
   0.0829540000000000    0.6670460000000000    0.6670460000000000 Tl
   0.3329540000000000    0.9170460000000000    0.9170460000000000 Tl
   0.9170460000000000    0.3329540000000000    0.3329540000000000 Tl
   0.1573580000000000    0.5926420000000000    0.1573580000000000 Mo
   0.5926420000000000    0.1573580000000000    0.5926420000000000 Mo
   0.8426420000000000    0.4073580000000000    0.8426420000000000 Mo
   0.4073580000000000    0.8426420000000000    0.4073580000000000 Mo
   0.5067500000000000    0.5067500000000000    0.2432500000000000 P
   0.2432500000000000    0.2432500000000000    0.5067500000000000 P
   0.4932500000000000    0.4932500000000000    0.7567500000000000 P
   0.7567500000000000    0.7567500000000000    0.4932500000000000 P
   0.3069920000000000    0.6023430000000000    0.2758180000000000 O
   0.3148460000000000    0.2758180000000000    0.6023430000000000 O
   0.2758180000000000    0.3148460000000000    0.3069920000000000 O
   0.6023430000000000    0.3069920000000000    0.3148460000000000 O
   0.6930080000000000    0.3976570000000000    0.7241820000000000 O
   0.6851540000000000    0.7241820000000000    0.3976570000000000 O
   0.7241820000000000    0.6851540000000000    0.6930080000000000 O
   0.3976570000000000    0.6930080000000000    0.6851540000000000 O
   0.9648710000000000    0.6685580000000000    0.3979870000000000 O
   0.4685840000000000    0.3979870000000000    0.6685580000000000 O
   0.3979870000000000    0.4685840000000000    0.9648710000000000 O
   0.6685580000000000    0.9648710000000000    0.4685840000000000 O
   0.1923840000000000    0.9096350000000000    0.4510520000000000 O
   0.9469290000000000    0.4510520000000000    0.9096350000000000 O
   0.4510520000000000    0.9469290000000000    0.1923840000000000 O
   0.9096350000000000    0.1923840000000000    0.9469290000000000 O
   0.8076160000000000    0.0903650000000000    0.5489480000000000 O
   0.0530710000000000    0.5489480000000000    0.0903650000000000 O
   0.5489480000000000    0.0530710000000000    0.8076160000000000 O
   0.0903650000000000    0.8076160000000000    0.0530710000000000 O
   0.3314420000000000    0.0351290000000000    0.5314160000000000 O
   0.6020130000000000    0.5314160000000000    0.0351290000000000 O
   0.5314160000000000    0.6020130000000000    0.3314420000000000 O
   0.0351290000000000    0.3314420000000000    0.6020130000000000 O
